2018100814
1.1.1.1
443    3
2018100814
1.1.1.1
443    3
2018092319
1.1.1.1
443      1414
53        741
80        170
6881       83
51413      38
5355       25
22843      24
6669       21
1900       18
8999       17
15751      15
56706      14
40017      13
8621       12
6889       11
40016      10
6969        9
40037       9
40008       9
1           9
2468        9
50321       9
51554       8
44822       8
40018       8
40015       7
40044       7
40055       7
21897       7
40004       7
53565       1
61571       1
14448       1
22394       1
28637       1
61307       1
63360       1
1928        1
53135       1
10134       1
59357       1
49055       1
30634       1
38846       1
63426       1
14288       1
40929       1
12391       1
40959       1
29101       1
38932       1
20505       1
38946       1
22161       1
14402       1
61507       1
53317       1
55378       1
12387       1
16368       1
2018100114
1.1.1.1
443     423
53      183
80       34
1900     18
5355      9
0         4
5353      1
137       1
5228      1
5222      1
2018100214
1.1.1.1
443      1414
53        741
80        170
6881       83
51413      38
5355       25
22843      24
6669       21
1900       18
8999       17
15751      15
56706      14
40017      13
8621       12
6889       11
40016      10
6969        9
40037       9
40008       9
1           9
2468        9
50321       9
51554       8
44822       8
40018       8
40015       7
40044       7
40055       7
21897       7
40004       7
53565       1
61571       1
14448       1
22394       1
28637       1
61307       1
63360       1
1928        1
53135       1
10134       1
59357       1
49055       1
30634       1
38846       1
63426       1
14288       1
40929       1
12391       1
40959       1
29101       1
38932       1
20505       1
38946       1
22161       1
14402       1
61507       1
53317       1
55378       1
12387       1
16368       1
2018100314
1.1.1.1
443      1567
53        593
5355      149
80         73
1900       18
12350       6
0           4
40026       2
40046       2
5351        2
59641       1
40039       1
43661       1
8920        1
40011       1
40017       1
5222        1
41012       1
64137       1
13909       1
5228        1
59554       1
33033       1
58077       1
45947       1
40018       1
40020       1
40036       1
40038       1
40042       1
5353        1
137         1
2018100414
1.1.1.1
443    3
2018100614
1.1.1.1
443      1414
53        741
80        170
6881       83
51413      38
5355       25
22843      24
6669       21
1900       18
8999       17
15751      15
56706      14
40017      13
8621       12
6889       11
40016      10
6969        9
40037       9
40008       9
1           9
2468        9
50321       9
51554       8
44822       8
40018       8
40015       7
40044       7
40055       7
21897       7
40004       7
53565       1
61571       1
14448       1
22394       1
28637       1
61307       1
63360       1
1928        1
53135       1
10134       1
59357       1
49055       1
30634       1
38846       1
63426       1
14288       1
40929       1
12391       1
40959       1
29101       1
38932       1
20505       1
38946       1
22161       1
14402       1
61507       1
53317       1
55378       1
12387       1
16368       1
2018100714
1.1.1.1
443     423
53      183
80       34
1900     18
5355      9
0         4
5353      1
137       1
5228      1
5222      1
2018100814
1.1.1.1
443      39
53        8
5355      4
32894     1
32814     1
32842     1
32840     1
35014     1
32836     1
32834     1
32832     1
32830     1
32828     1
32826     1
32822     1
34228     1
34988     1
32844     1
53162     1
32870     1
32896     1
57116     1
34966     1
32854     1
32908     1
60170     1
137       1
34952     1
32902     1
32900     1
32892     1
32848     1
32904     1
32890     1
1900      1
32888     1
32884     1
32882     1
80        1
32880     1
34986     1
32878     1
32864     1
5228      1
32874     1
5353      1
32872     1
5222      1
32868     1
32866     1
57056     1
32862     1
32820     1
32876     1
32856     1
57046     1
32852     1
32850     1
55894     1
34944     1
2018092319
1.1.1.1
443     423
53      183
80       34
1900     18
5355      9
0         4
5353      1
137       1
5228      1
5222      1
