#########################################################
# Descripcion: Puertos origen detectados en el analisis #
# Fecha: 2018100313                                     #
#########################################################

--> Puertos origen con el numero de veces abiertos: 

443      45
902       7
912       2
3194      1
52244     1
5001      1
5213      1
3233      1
51127     1
5169      1
60973     1
62497     1
52252     1
52250     1
52247     1
49430     1
62985     1
5194      1
5008      1
59278     1
52237     1
52236     1
55691     1
53514     1
137       1
62984     1
3591      1
58244     1
4995      1
5212      1
5195      1
51918     1
5210      1
3062      1
3573      1
64753     1
51919     1
3182      1
4972      1
5353      1
4966      1
55269     1
49502     1
49501     1
5211      1
5209      1
5196      1
5208      1
5207      1
5206      1
5205      1
5204      1
5203      1
5202      1
5201      1
5200      1
5199      1
5198      1
5197      1
54402     1

 --> IP origen y puerto origen con el numero de veces abierto
------------------------------
IP Origen:	1.1.1.1
443      45
902       7
912       2
3194      1
52244     1
5001      1
5213      1
3233      1
51127     1
5169      1
60973     1
62497     1
52252     1
52250     1
52247     1
49430     1
62985     1
5194      1
5008      1
59278     1
52237     1
52236     1
55691     1
53514     1
137       1
62984     1
3591      1
58244     1
4995      1
5212      1
5195      1
51918     1
5210      1
3062      1
3573      1
64753     1
51919     1
3182      1
4972      1
5353      1
4966      1
55269     1
49502     1
49501     1
5211      1
5209      1
5196      1
5208      1
5207      1
5206      1
5205      1
5204      1
5203      1
5202      1
5201      1
5200      1
5199      1
5198      1
5197      1
54402     1
------------------------------