2018100814
1.1.1.1
5205    3
2018100814
1.1.1.1
5205    3
2018092319
1.1.1.1
21897    714
16951    237
0          6
50046      3
12843      3
65180      2
6771       2
65341      2
57193      2
53449      2
49259      2
62613      2
52565      2
56654      2
60446      2
55367      2
55890      2
56994      2
56733      2
58132      2
54642      2
60142      2
50373      2
55258      2
63648      2
53649      2
59151      2
50037      2
62103      2
64875      2
6770       1
62065      1
54777      1
6766       1
6764       1
63585      1
6762       1
55850      1
55936      1
6788       1
6818       1
6590       1
6816       1
6814       1
6812       1
6810       1
59306      1
6969       1
60054      1
62101      1
60052      1
60050      1
6800       1
53903      1
64289      1
6796       1
6794       1
6792       1
6790       1
57353      1
2018092319
1.1.1.1
0        4
54173    2
53129    2
51057    2
65291    2
57098    2
62428    2
55874    2
57383    2
55719    2
50008    2
64729    2
54605    2
59002    2
51467    2
53963    1
57803    1
58486    1
58042    1
50491    1
54119    1
63927    1
64966    1
64965    1
64964    1
62927    1
59499    1
2812     1
50645    1
56811    1
2738     1
2748     1
2737     1
2736     1
2735     1
2734     1
2733     1
2732     1
2731     1
2747     1
2749     1
2767     1
2759     1
2766     1
2763     1
51916    1
51915    1
52938    1
2761     1
2760     1
2758     1
2750     1
2757     1
2756     1
2755     1
2754     1
2753     1
2752     1
2751     1
2651     1
2018100114
1.1.1.1
0        4
54173    2
53129    2
51057    2
65291    2
57098    2
62428    2
55874    2
57383    2
55719    2
50008    2
64729    2
54605    2
59002    2
51467    2
53963    1
57803    1
58486    1
58042    1
50491    1
54119    1
63927    1
64966    1
64965    1
64964    1
62927    1
59499    1
2812     1
50645    1
56811    1
2738     1
2748     1
2737     1
2736     1
2735     1
2734     1
2733     1
2732     1
2731     1
2747     1
2749     1
2767     1
2759     1
2766     1
2763     1
51916    1
51915    1
52938    1
2761     1
2760     1
2758     1
2750     1
2757     1
2756     1
2755     1
2754     1
2753     1
2752     1
2751     1
2651     1
2018100214
1.1.1.1
21897    714
16951    237
0          6
50046      3
12843      3
65180      2
6771       2
65341      2
57193      2
53449      2
49259      2
62613      2
52565      2
56654      2
60446      2
55367      2
55890      2
56994      2
56733      2
58132      2
54642      2
60142      2
50373      2
55258      2
63648      2
53649      2
59151      2
50037      2
62103      2
64875      2
6770       1
62065      1
54777      1
6766       1
6764       1
63585      1
6762       1
55850      1
55936      1
6788       1
6818       1
6590       1
6816       1
6814       1
6812       1
6810       1
59306      1
6969       1
60054      1
62101      1
60052      1
60050      1
6800       1
53903      1
64289      1
6796       1
6794       1
6792       1
6790       1
57353      1
2018100314
1.1.1.1
16951    22
0         4
53048     3
64923     2
54060     2
60891     2
62800     2
57110     2
52987     2
63238     2
49364     2
49901     2
62324     2
54584     2
49565     2
57123     2
62223     2
64393     2
51377     2
52044     2
59239     2
54111     2
58298     2
56176     2
61535     2
60855     2
64906     2
51052     2
55152     2
57508     2
4629      1
4627      1
4154      1
4623      1
4618      1
4621      1
53771     1
59914     1
53769     1
4615      1
4613      1
64026     1
53789     1
53855     1
59962     1
57945     1
59569     1
59011     1
4645      1
59964     1
57112     1
57913     1
4639      1
49711     1
61997     1
54715     1
4476      1
4643      1
4641      1
61425     1
2018100414
1.1.1.1
5205    3
2018100514
1.1.1.1
443      45
902       7
912       2
3194      1
52244     1
5001      1
5213      1
3233      1
51127     1
5169      1
60973     1
62497     1
52252     1
52250     1
52247     1
49430     1
62985     1
5194      1
5008      1
59278     1
52237     1
52236     1
55691     1
53514     1
137       1
62984     1
3591      1
58244     1
4995      1
5212      1
5195      1
51918     1
5210      1
3062      1
3573      1
64753     1
51919     1
3182      1
4972      1
5353      1
4966      1
55269     1
49502     1
49501     1
5211      1
5209      1
5196      1
5208      1
5207      1
5206      1
5205      1
5204      1
5203      1
5202      1
5201      1
5200      1
5199      1
5198      1
5197      1
54402     1
2018100614
1.1.1.1
21897    714
16951    237
0          6
50046      3
12843      3
65180      2
6771       2
65341      2
57193      2
53449      2
49259      2
62613      2
52565      2
56654      2
60446      2
55367      2
55890      2
56994      2
56733      2
58132      2
54642      2
60142      2
50373      2
55258      2
63648      2
53649      2
59151      2
50037      2
62103      2
64875      2
6770       1
62065      1
54777      1
6766       1
6764       1
63585      1
6762       1
55850      1
55936      1
6788       1
6818       1
6590       1
6816       1
6814       1
6812       1
6810       1
59306      1
6969       1
60054      1
62101      1
60052      1
60050      1
6800       1
53903      1
64289      1
6796       1
6794       1
6792       1
6790       1
57353      1
2018100714
1.1.1.1
0        4
54173    2
53129    2
51057    2
65291    2
57098    2
62428    2
55874    2
57383    2
55719    2
50008    2
64729    2
54605    2
59002    2
51467    2
53963    1
57803    1
58486    1
58042    1
50491    1
54119    1
63927    1
64966    1
64965    1
64964    1
62927    1
59499    1
2812     1
50645    1
56811    1
2738     1
2748     1
2737     1
2736     1
2735     1
2734     1
2733     1
2732     1
2731     1
2747     1
2749     1
2767     1
2759     1
2766     1
2763     1
51916    1
51915    1
52938    1
2761     1
2760     1
2758     1
2750     1
2757     1
2756     1
2755     1
2754     1
2753     1
2752     1
2751     1
2651     1
2018100814
1.1.1.1
443      45
902       7
912       2
3194      1
52244     1
5001      1
5213      1
3233      1
51127     1
5169      1
60973     1
62497     1
52252     1
52250     1
52247     1
49430     1
62985     1
5194      1
5008      1
59278     1
52237     1
52236     1
55691     1
53514     1
137       1
62984     1
3591      1
58244     1
4995      1
5212      1
5195      1
51918     1
5210      1
3062      1
3573      1
64753     1
51919     1
3182      1
4972      1
5353      1
4966      1
55269     1
49502     1
49501     1
5211      1
5209      1
5196      1
5208      1
5207      1
5206      1
5205      1
5204      1
5203      1
5202      1
5201      1
5200      1
5199      1
5198      1
5197      1
54402     1
2018100313
1.1.1.1
443      45
902       7
912       2
3194      1
52244     1
5001      1
5213      1
3233      1
51127     1
5169      1
60973     1
62497     1
52252     1
52250     1
52247     1
49430     1
62985     1
5194      1
5008      1
59278     1
52237     1
52236     1
55691     1
53514     1
137       1
62984     1
3591      1
58244     1
4995      1
5212      1
5195      1
51918     1
5210      1
3062      1
3573      1
64753     1
51919     1
3182      1
4972      1
5353      1
4966      1
55269     1
49502     1
49501     1
5211      1
5209      1
5196      1
5208      1
5207      1
5206      1
5205      1
5204      1
5203      1
5202      1
5201      1
5200      1
5199      1
5198      1
5197      1
54402     1
