2018100514
1.1.1.1
443      39
53        8
5355      4
32894     1
32814     1
32842     1
32840     1
35014     1
32836     1
32834     1
32832     1
32830     1
32828     1
32826     1
32822     1
34228     1
34988     1
32844     1
53162     1
32870     1
32896     1
57116     1
34966     1
32854     1
32908     1
60170     1
137       1
34952     1
32902     1
32900     1
32892     1
32848     1
32904     1
32890     1
1900      1
32888     1
32884     1
32882     1
80        1
32880     1
34986     1
32878     1
32864     1
5228      1
32874     1
5353      1
32872     1
5222      1
32868     1
32866     1
57056     1
32862     1
32820     1
32876     1
32856     1
57046     1
32852     1
32850     1
55894     1
34944     1
